Cluster 0: 0,0,0,0,0,0,0,0,0,0,0,0,0,0,0,0,0,0,0,0,1,0,0,55,20,0,1,0,0,0,0,0,0,0,0,0,0,0,0,0,0,0,0,0,0,0,0,0,0,0,0,0,0,0,0,0,0,0,947,FEAR
Cluster 1: 22,101,164,138,94,41,20,15,7,2,3,5,5,4,8,3,2,4,5,4,6,5,4,2,0,0,0,0,0,0,0,0,0,0,0,0,0,0,0,0,0,0,0,0,0,0,0,0,0,0,0,0,0,0,0,0,0,0,360,HAPPY
Cluster 2: 0,0,0,0,0,0,0,0,0,0,0,0,0,0,0,0,0,0,0,0,0,0,0,1,19,33,23,24,19,19,24,20,12,18,2,0,0,0,0,0,0,0,0,0,0,0,0,0,0,0,0,0,0,0,0,0,0,0,810,FEAR
Cluster 3: 3,4,21,32,51,23,16,5,1,3,4,4,3,1,1,4,1,3,7,3,0,5,3,29,0,0,0,0,0,0,0,0,0,0,0,0,0,0,0,0,0,0,0,0,0,0,0,0,0,0,0,0,0,0,0,0,0,0,797,ANGRY
Cluster 4: 2,3,7,5,10,5,2,5,4,9,4,6,8,11,13,11,9,18,9,6,8,6,14,4,3,3,6,4,3,3,4,2,3,4,4,0,0,0,0,0,0,0,0,0,0,0,0,0,0,0,0,0,0,0,0,0,0,0,806,SAD
Cluster 5: 3,6,23,28,32,11,8,7,0,3,0,5,1,0,2,0,1,1,3,7,10,14,22,0,0,0,0,0,0,0,0,0,0,0,0,0,0,0,0,0,0,0,0,0,0,0,0,0,0,0,0,0,0,0,0,0,0,0,837,HAPPY
Cluster 6: 0,0,0,0,0,0,0,0,0,0,0,0,0,0,0,0,0,0,0,0,0,0,0,0,0,2,6,7,10,10,12,31,48,70,1,0,0,0,0,0,0,0,0,0,0,0,0,0,0,0,0,0,0,0,0,0,0,0,827,ANGRY
Cluster 7: 0,0,0,2,2,2,2,1,0,2,2,1,1,0,1,0,1,0,0,0,0,0,0,0,1,5,5,7,8,9,10,9,5,9,9,15,13,9,19,10,4,0,0,0,0,0,0,0,0,0,0,0,0,0,0,0,0,0,860,DISTINGUISH
Cluster 8: 0,0,0,0,0,0,0,0,0,0,0,0,0,0,0,0,0,0,0,0,0,0,0,0,0,0,0,0,0,0,0,0,0,0,17,0,1,0,0,0,0,0,0,0,0,0,0,0,0,0,0,0,0,0,0,0,0,0,1006,SUPRISED
Cluster 9: 0,0,2,4,2,12,3,7,1,1,1,0,0,0,1,0,0,0,0,0,0,1,0,31,26,21,7,4,4,2,6,3,1,0,0,0,0,0,0,0,0,0,0,0,0,0,0,0,0,0,0,0,0,0,0,0,0,0,884,SAD
Cluster 10: 6,3,15,15,8,5,5,3,5,2,3,2,1,1,1,0,1,0,1,3,1,2,0,1,0,1,1,1,0,5,2,5,3,15,40,0,0,0,0,0,0,0,0,0,0,0,0,0,0,0,0,0,0,0,0,0,0,0,867,HAPPY
Cluster 11: 0,0,0,0,0,0,0,3,0,0,0,1,0,1,1,1,0,2,1,1,1,1,0,1,2,4,1,8,1,6,2,4,2,3,6,21,20,18,27,22,14,4,3,6,2,2,0,0,0,0,0,0,0,0,0,0,0,0,832,NEUTRAL
Cluster 12: 0,0,4,3,4,9,3,5,0,0,0,0,0,0,0,1,0,0,1,0,0,2,0,7,12,13,13,11,8,5,7,9,8,8,4,6,5,10,13,5,2,0,0,0,0,0,0,0,0,0,0,0,0,0,0,0,0,0,846,FEAR
Cluster 13: 11,12,16,34,53,28,17,19,1,2,0,0,0,0,0,0,0,0,1,0,1,0,1,1,5,5,7,3,6,7,3,15,2,3,5,6,4,6,7,5,3,4,4,6,5,4,0,0,0,0,0,0,0,0,0,0,0,0,712,SAD
Cluster 14: 0,0,2,9,10,7,3,5,3,2,6,2,2,3,4,0,0,3,2,1,2,1,0,0,1,2,4,3,2,4,6,3,10,9,9,9,11,4,12,12,5,1,2,0,0,0,0,0,0,0,0,0,0,0,0,0,0,0,848,NEUTRAL
Cluster 15: 3,9,9,5,1,1,1,0,0,0,2,2,1,1,2,1,4,36,56,31,27,25,26,0,0,0,0,0,0,0,0,0,0,0,0,0,0,0,0,0,0,0,0,0,0,0,0,0,0,0,0,0,0,0,0,0,0,0,781,FEAR
Cluster 16: 3,20,35,66,88,58,58,34,1,2,1,3,0,2,3,1,0,0,1,0,0,2,1,1,9,11,16,14,16,13,15,16,19,5,0,0,0,0,0,0,0,0,0,0,0,0,0,0,0,0,0,0,0,0,0,0,0,0,510,SAD
Cluster 17: 16,122,189,125,45,9,7,4,4,3,2,4,3,1,2,3,5,4,30,40,32,21,19,0,0,0,0,0,0,0,0,0,0,0,0,0,0,0,0,0,0,0,0,0,0,0,0,0,0,0,0,0,0,0,0,0,0,0,334,DISTINGUISH
Cluster 18: 0,0,0,0,0,0,0,0,0,0,0,0,0,0,0,0,0,0,0,0,0,0,0,0,0,0,0,0,0,0,0,0,0,0,10,0,1,0,0,0,0,0,0,0,0,0,0,0,0,0,0,0,0,0,0,0,0,0,1013,FEAR
Cluster 19: 0,0,0,0,0,0,0,0,0,0,0,0,0,0,0,0,0,0,0,0,0,0,0,51,27,3,0,0,0,0,0,0,0,0,0,0,0,0,0,0,0,0,0,0,0,0,0,0,0,0,0,0,0,0,0,0,0,0,943,FEAR
Cluster 20: 3,1,0,0,3,5,7,10,2,1,2,5,3,1,3,2,3,2,0,1,1,2,0,2,1,2,0,4,5,4,5,3,4,8,20,4,3,2,1,1,0,0,0,0,0,0,0,0,0,0,0,0,0,0,0,0,0,0,898,SAD
Cluster 21: 0,0,0,0,0,0,0,0,0,0,0,0,0,0,0,0,0,0,0,0,0,0,0,0,29,31,39,41,29,26,28,45,32,4,0,0,0,0,0,0,0,0,0,0,0,0,0,0,0,0,0,0,0,0,0,0,0,0,720,NEUTRAL
Cluster 22: 55,145,207,132,74,32,21,14,8,5,5,1,2,3,0,1,1,1,2,4,4,3,2,3,4,4,1,2,0,1,1,0,0,0,0,0,0,0,0,0,0,0,0,0,0,0,0,0,0,0,0,0,0,0,0,0,0,0,286,SAD
Cluster 23: 0,0,0,0,0,0,0,0,0,0,0,0,0,0,0,0,0,0,0,0,0,0,0,30,38,6,9,8,7,4,2,3,2,0,0,0,0,0,0,0,0,0,0,0,0,0,0,0,0,0,0,0,0,0,0,0,0,0,915,FEAR
Cluster 24: 0,0,0,0,0,0,0,0,0,0,0,0,0,0,0,0,0,0,0,0,0,0,0,0,1,20,47,49,48,62,69,69,54,12,0,0,0,0,0,0,0,0,0,0,0,0,0,0,0,0,0,0,0,0,0,0,0,0,593,HAPPY
Cluster 25: 0,0,0,0,0,0,0,0,0,0,0,0,0,0,0,0,0,0,0,0,0,0,0,0,0,6,24,43,45,62,63,67,64,7,0,0,0,0,0,0,0,0,0,0,0,0,0,0,0,0,0,0,0,0,0,0,0,0,643,NEUTRAL
Cluster 26: 0,0,0,0,0,0,0,0,0,0,0,0,0,0,0,0,0,0,0,0,0,0,0,0,2,22,38,39,57,58,57,55,48,12,0,0,0,0,0,0,0,0,0,0,0,0,0,0,0,0,0,0,0,0,0,0,0,0,636,SUPRISED
Cluster 27: 14,4,4,5,8,11,16,13,4,7,9,7,5,9,0,1,3,2,3,2,2,2,8,5,6,4,10,5,8,9,8,8,18,17,6,1,1,1,0,0,0,0,0,0,0,0,0,0,0,0,0,0,0,0,0,0,0,0,778,HAPPY
Cluster 28: 11,2,4,1,2,3,3,3,0,1,2,3,1,0,1,0,1,0,1,1,1,0,0,0,0,1,0,1,0,1,1,1,0,0,2,4,2,7,6,1,12,12,8,15,15,26,20,19,17,12,4,3,4,2,0,0,0,0,787,HAPPY
Cluster 29: 78,159,109,76,22,8,8,11,4,3,2,1,2,4,3,2,4,2,5,6,3,6,3,7,6,2,1,0,3,2,0,2,1,0,0,0,0,0,0,0,0,0,0,0,0,0,0,0,0,0,0,0,0,0,0,0,0,0,479,NEUTRAL
Cluster 30: 2,2,9,17,20,9,12,9,7,6,13,8,11,22,14,11,19,3,10,13,13,9,17,7,2,1,0,0,0,0,0,0,0,0,0,0,0,0,0,0,0,0,0,0,0,0,0,0,0,0,0,0,0,0,0,0,0,0,758,SAD
Cluster 31: 0,0,0,0,0,0,0,0,0,0,0,0,0,0,0,0,0,0,0,0,0,0,0,0,0,0,0,0,0,0,0,0,0,4,19,3,1,3,1,1,0,0,0,0,0,0,0,0,0,0,0,0,0,0,0,0,0,0,992,DISTINGUISH